$ANSIBLE_VAULT;1.1;AES256
31353564623538613337373238626161313065306137323431373964383966393262396662303065
3230306265643735613766313836646165356563633266360a366534636666333731303462643839
38643235353761366134303637366431396433396339353838383230333836356664383135633963
6133343363663862310a623531343636316364613137643465336136333835346362346538313365
35623366333334356561313239383465663833656335353430373561396561633863656431396335
62303535373730346139373563393365323964353330373466613961633432653561356335363538
65653734663066646638616533353139313439663936376134353233353761643937343961663263
37313335376532613439386166353265356566613730383930343936353130666231616239323266
65326332306137333235353530613335343135383861636538313936636461613464366266383537
31643730633261646133333639663736396238656165313465343334333332373162363235363834
623133303635636133323862643537633934
