$ANSIBLE_VAULT;1.1;AES256
62666261326564626132346261353438326239303061663439353662363236303166646565323031
3765346166336239333263623336656438343066326665320a386430656537633866316133646138
31323430353337653137616364393431363136313432343963353932623165393762363833646435
6530376663383033610a633363386639326436393039656230623364396361636135313436653135
62393933666364323831313464656261613731353933383263666234346133636665623164306533
62613034366539623664653938386366356462643464653637343930653934663833386238353564
36633633386535343631353532393833623034316633313032306137363836626230333433663334
64313462613764356538333666373532633464353935666430363730333531303563393866373536
39383334663065643161373235363335623630313938366633616262323437353333653765626433
39346634323561636561336532343335653265633039303634643539623166623863363731343461
63643164346436333262373263383538336465303432663165333138656664303938633130383939
35386162313337643763376530353133333632613532653334356264656265376439353335633738
31376132393634636265343530653333356432386631313764626235626336633739623565666163
32623362396338386164313565626266653766623961643263313538333464346437386537353935
31366261346338613638643763616338396531653566623766666435303864613032313061316463
38363337333138306530623064353136373436626235363565653439326137666438376139303432
35366134303832613839343938343461346231333130303136613131633862383362306364383936
36383437643637373037643263343734303466626162613533643236663561303334646165323661
33323466666364626564353532386163313166333165383735663439396465653261346562636433
65623433656631656236373063643362343637346633356436326536303465656534363063616238
63633239323364653531373937346665346232623436623532313263373535343062386365646166
34333161643139383436623731653931643866363365303638343335383038353734323431363538
32336335363362613434343137323738323631353631646162336566303436613732343838346163
35323762326366333134306462636433363535643664373063373331656533653430626665626139
32626663363330353536363365386663376133373461383035323661326136643863316466306434
66313730663661666638386337643837376634356662353031396630336430303161343833383561
36643330333339383239353435393162326630636362393061313235626431633663333164366266
30373562373163333637376462326461633062386662376531303037313732386332363130643165
30373531356338306535646465373835393734623037386361626362613930323439333437633434
31643039636435393465376234636634653134633863653366363031656461343730636239343234
66653239323539356139346366306535646436356637643263313534306563393063306432393235
62333766333965623062643236343237366264316336343639306661373861303537663638383836
32636338613338373965396530666636383934373565363636633766343234346239353037386239
62636435303039383536343561303165663939333639633164643934633636346330316537333332
66376237396135373531663730316661306465613163396363393561326136386534383464306435
33306561653631383466306232383437623561613938643535383736346465356533303465356635
64326637313838626362356538336435306232353030386630323237366364336464313162616331
36633031393532633037616266623834653134626430646362623361346662333933313366343963
34653865643063383539343339323631306537366337376432643963626534613263323866373539
64303663626239343833323566653736323034393636323734386163616536643534663233623631
64643062343061643738663539313132303331396466353466663363343633393931356431663230
33396164356430643363303139616235313536353733653738393061616132383465646662363033
37303538626536393932613434643763313262626666323339323430323131326134613334346534
63656163316363356165343864646263356461326537613961326137653232646632613330333932
62376133363262643565316164656330376661636431363062353830613666353937383637653537
38633930623663616238366137356166663965353237383739666463353431356666653866303633
61343465313433656463666463646133383163666333636238373865376536626664313564653438
38656265333730353635326537386537336635306264396134303638633439333338356162396566
63643861343262376661646362633335306161646262616430383362383464366439316334643735
38626561356437626362393432643836313333656266663863303833323964383166373039386230
61383230343562376538623565336266383265323137646339613866393737623139303230626237
37336131356138653663363661636430376231343931633262386137653263343262646433396337
61393539383366663366663036633533643033666462653964373930326464626133656530653165
62343738373832383961313465323239366237366430633263613533303037343134626138613764
36643630333136623263316363613735383433323261303265343635343839343432383830383237
36303031643131336364353534313038623834303063383631353634366463313538633931356134
35336535383061363365343534396531346130646239366630633065636536653834316462333965
61663535323230323831303361653533656164373435356531666366306135363937366135363561
38383630323034323264653739316137336332626532653436653365363765656166303338356166
30373234623362386335393833323838613962346639346133643164366131666131396636613961
35383961343334393639666333356162623061383966306430373462323166386432613237333262
63666362653065646535313737643833356563656134346238653963333232353032386131393032
66353035373963303032343832633533346533343261386465663764393731343238373436613364
66653538356166643138666365356434393665626165343166633761623137353766323538333561
65623031303464373137386537663535386632313330336431343765656534323633646461313163
39396137373964396131336461323264616335646363626231616132343835333634356333366466
64366365383635323734353664656164623865323666323062326331333265383761636339653364
38626538383632376138666637376562643735346162633364343130643666313066666665336434
66303066663362613936333039333163633932356266353835383737363162646432396563323464
37656463373939303637316139366262346231613338313065363235343463613332363633366636
32616131653833383435303138623731336634353061356536643434663637663237626339623861
66633232326336373862626232333137623633623063386531393561623834633865666634626564
65316464613837643462666334666463663534613961646531326464346262333563386666373064
35366636353939363633663135346230383532386338383436383633366237653231353662356562
33363430313330316336653061323031393336616635326232363962323639613137393963656530
34386563343965613339656434616331633739386130356232663730623239343061613061393135
6239
