$ANSIBLE_VAULT;1.1;AES256
39306538376662643738346638613162343363636635333666636563653266363561623632653733
3934383032646433373636363861623663633434653737650a386463376264333066336133323265
35633636656235613534306630623832316466323339333264643532623337376437623738643638
6364343761353730390a386561356361386634643765386330386462396435343562383639653739
65326634633164613065373633636437306335323361636234356235366136623539373062633632
61663637323462373335656434396531343533636339383333653731363637353335643566353439
61643035346263343038376166323435643361316665336138343463376238373233326638393335
65316161656463656334333633356565356430626437646331343635633762666536373661316331
66363832613430363534363530623066633831666538303439303330373761386461663131376632
61323638626361646231343834333463663432303565396633363764336235663964316637343262
32363734393739376236383462623431646365376137303337356230656632356133353533356238
35396361613931643165303866333664353339343632643530666637393031633232313636313934
38396365333232316564316662323562626265636238623739643334306266643664363066656265
36656466643839656533623237323634386161393034646335366531363566393034666534653062
32303936343633643332323238333935633138396237313465336665363065393633386233643233
31653463643135376637396334613630356362376336666432656366346538623730623664373931
30393835633065306263386664613565643338396364313237653131666465336537646136643731
32316466363436386236653862346236626535336232656539623765613065376436643665343266
36663531646337663132656530623861383630323864383065343132363934613430666131346165
63386332643934393931366338623530633364333361323535643733613031353133656233643835
39376666383762363462633561353062633234306438376261636265336162366339396139633435
62396162373964373634383366653065356161373966626438356335613730343066316336633939
32303133326331333136303036326236313435316266393232353738613433393032363665623564
66633537383765383235656334656533623630393937666631326465343439313331353862633661
64663734646164336461653966376636323933646634613236353735396463626638343962336234
39376636666334343539643864303861396165333933663239613964633939316162626534326239
35616366396664623036613265636336306666336664313066636363333330643139666132626339
34623832643837613931366537386564333131343331646364656338343432633364373131313636
39316436663239313962396138333561613136663434353932306232363966353561663064356262
32386566616362353265343561383536663063626639643038376630633830623733323634663339
32393738393661343764323931333666363164373566653565363934393830393166623031313163
34386439303036323461636565313062383163316635656436636131623165323062663236613738
34613030323364663237376230353235383561396531336336323533376466623232343831633138
62626631303835396134633838333234663432656633386131653466656233623661663363343465
31363939383836336539363363656365326262613466363865373139363935356533646566366232
30613131616430656230313866356438633236323230343737613362326632326266616466396533
38616639343132383566336433373234343036333037633330663933613339373737326464616366
33323066396130323030316563346365623336336331613636393035383961626330343038343339
31376533366630376265366537376535626532633132383131303562333163623462356631386339
39393035646563333466373966383466313235343262373662343133366263356666633263313138
33616264373163366561316534313837666131633037353132336530303362353639633739393334
30323632653634323266613332626534653233633834383434613231613231356639613631373235
36303531613732363063303963393165626363383865393964666561336461303538326266623936
32343730663633356562306136613366623133383130376135343766646338336564323231613536
37643136663862353164306362323063393234376461333237343334363035633833316236393938
30653765356238633063333434643535373865333238353239366166333235663634616438373665
33633937316437663234373634373564303932326238373763376336666630306637346535343966
30326265316664333835313035363535656666313163353132646463383834653163396565653630
31653463393133653035353963373665663861653364366630346365313131366465323835393735
64373030636231383862306332636364626334363736613537653231386336653737303235376537
39346132646334313162383739653235303136653662316261613933373933303363313563613864
63613163396663613133396364633536363035323837336530373361663730346333646531393034
64313031396661356138363131333939323731346138353734633735613337343837306338666235
37646135633536653666623931353963383161366137383566356434333634363562393238643936
33373234623937373231396362623566633431386332373030303264313864386533613362623764
61333133613332346263626436383736303339316630396163643563383263373034333864363231
66623863376336643639656663616138613630633562616336346664323832623662316631656561
34343834336665326431323838653833326162363535633363306634303730336530343139613632
33623137633362326439393737313161323832316138396166633930643331623235623030356266
32653062383666333035633139316531373531613731656232396166616533653461656431663465
35373339393138356466333836393031366132363431303532643531646632336161343361633536
63646466666461666132646330353334623235346133636362373730376236616462616131323432
32623166383865306564376462333832663564346637656232336139363535616164613035353338
30333138383363356534373132316438633034663863643931326462336433343664323334336531
36323266386433653539613763383565396439623164353861363161633463353664323332383333
32386338383330396138666431303961333739316361626238643438636465613639363836336236
32636563383865396439313734343266643531616663633463356336663735366634363836643032
30613461346165396430386166366562666161636461623732643264313466363030656436343666
30626464623765356264353963633735646264343735306261336166383637393235313964626437
38383632626438313063333531363336663961333065396465336162656266663662306366653533
36626638326638653466313766323366386537393165653331313934393661393562653131303233
65626365303730623163636162663835383033636165353232343934653765643736616438633937
65616563656130323936643531373462333430356435373264613463653830653631313033366334
32636339663166353262353435343439393035336537316437363666346263393639613566626565
39353330636538653537636635343834383932316430636636656564303566623463623365653661
37643365336233366237383637386361656334633566653563663538316131386663356239393435
35343838383336383163646661666162373032303933396136386339396666336638653339643337
39366233323338303131383331316561663066646638393538343462343330303264626333333734
34383862343863376361346434646537336632316566643262353337663366313765326333306632
30646432313637376462613565613264666539306533623565623365333463316164366462363966
38363835613339393965663165333832306563623737343562633630643864393537353438653439
38656565313462356561326133336538373139643635366233373562346236323566353839386134
39326265353161396263636362326466633234313133663165623138353539376533663832663035
66326663386332643934663934356163373938313666366464343530613138386665333061383832
64396564663733353962353433353330346566346438316665326466363732376536666664386566
34333266333334313763623430393831363966303637346438373863333830393666303565386231
32376264343534316537356331643063316334626239653338323831663932653931373434633864
39363630333564393863
