$ANSIBLE_VAULT;1.1;AES256
30343538633439633262393336373032613836343065323338343065616137613532376339663830
6566346336656464363931326164336332373037313665630a613630626533326435316236353435
37613136333566346437336237353039393763393938373266356434623932613166653133613732
3332613438663434640a656461333638363439653234396239633361616563336165356131356234
35343333636363646366363739383534353566396535346265373663666561313133653263333436
61633065633665333866393866366363316131316433346564383862333534346636336332306666
30386536643732363136366338376539633135643062613532656366616533316634393733326663
38366135636565356562653630643461356232366164633337303064323237653566336236336239
66326331326166383662643939626130626565333930663238656463386531353339326162316437
33373832663330353766633764383634336366333362656461393037303065633233326531373730
38373866656262666162346533366238633236373938313835323066623335303531393432616365
30663364326237376264346565356433303139356334386233333035303234376437386566326661
65613137316535333530373666623935373165363939306336613639316561613634663462383538
37333839383036313735306462366665343063636263323364316434326431376433656330336334
64393239653039633961643965656639663363616632663661613231343962343638623865623736
30363961306539623534396364626463306534346365313166376432653736616430663432303837
33373634623336633932663035333734396466366565356535316336663536376665646232303737
39386263376232376564316334306435373839636534383565356431643736316138313264623164
306463666262366262333732613662643436
